Client ID: 0
fl_X_train.shape: (6288, 46)
Training data used 220446fl_y_train.value_counts():
6     1062
4      799
5      664
2      603
3      598
7      531
13     489
15     394
14     299
0      162
17     146
19     132
18     111
10      67
26      45
9       43
8       42
25      27
24      19
21      14
22      12
16      10
23       5
11       4
12       4
33       2
29       1
32       1
27       1
31       1
Name: label, dtype: int64
fl_y_train.unique(): [ 3  7  2  5 15 13  4 14  9  8  0 17  6 22 18 10 26 19 16 21 25 11 24 12
 33 29 23 32 27 31]

Client ID: 1
fl_X_train.shape: (6281, 46)
Training data used 220446fl_y_train.value_counts():
6     1062
4      799
5      664
3      598
1      596
7      531
13     489
15     394
14     299
0      162
17     146
19     132
18     111
10      67
26      45
9       43
8       42
25      27
24      19
21      14
22      12
16      10
23       5
11       4
12       4
33       2
31       1
29       1
32       1
27       1
Name: label, dtype: int64
fl_y_train.unique(): [ 6  4  9  3 18  0  7 22  5  1 19 15  8 13 14 24 25 17 26 11 10 21 23 16
 12 33 31 29 32 27]

Client ID: 2
fl_X_train.shape: (6286, 46)
Training data used 220446fl_y_train.value_counts():
6     1062
4      799
5      664
2      603
1      596
7      531
13     489
15     394
14     299
0      162
17     146
19     132
18     111
10      67
26      45
9       43
8       42
25      27
24      19
21      14
22      12
16      10
23       5
11       4
12       4
33       2
31       1
29       1
27       1
32       1
Name: label, dtype: int64
fl_y_train.unique(): [ 6 15  2 14 13 19  7  5  4  1  0 21 17 18 25 23  8  9 10 26 29 11 31 16
 22 24 33 27 32 12]

Client ID: 3
fl_X_train.shape: (6085, 46)
Training data used 220446fl_y_train.value_counts():
6     1062
5      664
2      603
3      598
1      596
7      531
13     489
15     394
14     299
0      162
17     146
19     132
18     111
10      67
26      45
9       43
8       42
25      26
24      19
21      14
22      13
16      10
23       5
12       4
11       4
33       2
32       1
29       1
27       1
31       1
Name: label, dtype: int64
fl_y_train.unique(): [26 15  6 18 13 17  1  5  2  3  0 14  7  9 19  8 24 10 23 16 25 32 12 11
 21 33 22 29 27 31]

Client ID: 4
fl_X_train.shape: (6221, 46)
Training data used 220446fl_y_train.value_counts():
6     1062
4      799
2      604
3      598
1      596
7      530
13     489
15     394
14     299
0      162
17     146
19     132
18     111
10      67
26      46
9       43
8       42
25      26
24      19
21      14
22      13
16      10
23       5
11       4
12       4
33       2
31       1
32       1
29       1
27       1
Name: label, dtype: int64
fl_y_train.unique(): [19  4  6 15  0 14  3  2  7 18  1 13 10 25 17 12 21 26 22  8 24 16  9 33
 11 31 23 32 29 27]

Client ID: 5
fl_X_train.shape: (5823, 46)
Training data used 220446fl_y_train.value_counts():
4     799
5     663
2     604
3     599
1     596
7     530
13    489
15    394
14    299
0     162
17    146
19    132
18    111
10     67
26     46
9      43
8      42
25     26
24     19
21     14
22     13
16     10
23      5
11      4
12      4
33      2
29      1
32      1
31      1
27      1
Name: label, dtype: int64
fl_y_train.unique(): [ 1  7 17 15  3 13  5  9  4  2 19 14 11 18 25 10  8  0 24 16 21 26 29 22
 23 32 12 33 31 27]

Client ID: 6
fl_X_train.shape: (6354, 46)
Training data used 220446fl_y_train.value_counts():
6     1061
4      799
5      663
2      604
3      599
1      596
13     489
15     394
14     299
0      162
17     147
19     131
18     111
10      67
26      46
9       43
8       42
25      26
24      20
21      14
22      12
16      10
23       5
11       4
12       4
33       2
29       1
32       1
31       1
27       1
Name: label, dtype: int64
fl_y_train.unique(): [ 2  1  6  5  4  3 13 15  0 19 14 17  9 26 10 24  8 16 18 25 11 21 22 29
 33 12 23 32 31 27]

Client ID: 7
fl_X_train.shape: (6842, 46)
Training data used 220446fl_y_train.value_counts():
6     1061
4      799
5      663
2      604
3      599
1      596
7      530
13     489
15     394
14     300
0      162
17     147
19     131
18     111
10      67
26      46
9       42
25      26
24      20
21      14
22      12
16      10
23       5
12       4
11       4
33       2
32       1
27       1
29       1
31       1
Name: label, dtype: int64
fl_y_train.unique(): [ 3  4  1 13 19 25  6  2 17 26  7 15 14  0 18  5 22  9 32 10 23 24 21 33
 16 12 11 27 29 31]

Client ID: 8
fl_X_train.shape: (6842, 46)
Training data used 220446fl_y_train.value_counts():
6     1061
4      799
5      663
2      604
3      599
1      596
7      530
13     489
15     394
14     299
0      162
17     147
19     131
18     111
10      67
26      46
8       42
25      26
24      20
21      15
22      12
16      10
23       5
11       4
12       4
33       2
29       1
31       1
27       1
32       1
Name: label, dtype: int64
fl_y_train.unique(): [ 1  7  6  2  4 13  3 17 15 19 14  5  0 18 24  8 26 22 16 25 10 21 11 29
 23 33 31 12 27 32]

Client ID: 9
fl_X_train.shape: (6817, 46)
Training data used 220446fl_y_train.value_counts():
6     1061
4      799
5      663
2      604
3      599
1      596
7      530
13     489
15     394
14     299
0      162
17     147
19     131
18     111
26      46
9       42
8       42
25      26
24      20
21      15
22      12
16      10
23       5
12       4
11       4
33       2
29       1
31       1
27       1
32       1
Name: label, dtype: int64
fl_y_train.unique(): [16 18 13  6  4  1  2  3 19 14  0  7  5 17 15 21 23  9  8 24 26 22 25 29
 31 12 11 33 27 32]

Client ID: 10
fl_X_train.shape: (6880, 46)
Training data used 220446fl_y_train.value_counts():
6     1061
4      799
5      663
2      604
3      599
1      596
7      530
13     489
15     394
14     299
0      162
17     147
19     131
18     111
10      67
26      46
9       42
8       42
25      26
24      20
21      15
22      12
16      10
23       5
12       4
33       2
31       1
32       1
28       1
27       1
Name: label, dtype: int64
fl_y_train.unique(): [13 15  7  5  4  2  1  6 26 18 10  3 31 17 14  0 19 25 24  9  8 33 22 21
 16 32 28 23 12 27]

Client ID: 11
fl_X_train.shape: (6880, 46)
Training data used 220446fl_y_train.value_counts():
6     1061
4      799
5      663
2      604
3      598
1      596
7      531
13     489
15     394
14     299
0      162
17     146
19     131
18     111
10      67
26      46
8       42
9       42
25      26
24      20
21      15
22      12
16      11
23       6
11       3
33       2
27       1
28       1
32       1
31       1
Name: label, dtype: int64
fl_y_train.unique(): [19 15 21 14  1  6  4  0 13  3  2 10  5 17  7 16  8  9 18 26 25 27 24 22
 23 33 11 28 32 31]

Client ID: 12
fl_X_train.shape: (6395, 46)
Training data used 220446fl_y_train.value_counts():
6     1061
4      799
5      663
2      604
3      598
1      596
7      531
15     394
14     299
0      162
17     146
19     131
18     111
10      67
26      46
9       42
8       42
25      26
24      20
21      15
22      12
16      11
23       6
12       4
11       3
33       2
31       1
32       1
28       1
27       1
Name: label, dtype: int64
fl_y_train.unique(): [ 4 14 15  6  0  1  5 18  3  8  2  7 10 26 19  9 24 17 21 22 25 31 23 16
 32 11 12 28 33 27]

Client ID: 13
fl_X_train.shape: (6585, 46)
Training data used 220446fl_y_train.value_counts():
6     1061
4      799
5      663
2      604
3      598
1      596
7      531
13     489
15     394
0      162
17     146
19     131
18     111
10      67
26      46
8       42
9       42
25      26
24      20
21      15
22      12
16      11
23       6
12       4
11       3
33       2
31       1
27       1
28       1
32       1
Name: label, dtype: int64
fl_y_train.unique(): [ 6  7  2  5  4  1 10 15 17 25  3 12 19  0 13 24 26  8 18 22 33 16  9 31
 21 23 11 27 28 32]

Client ID: 14
fl_X_train.shape: (6490, 46)
Training data used 220446fl_y_train.value_counts():
6     1061
4      799
5      663
2      604
3      598
1      596
7      531
13     489
14     299
0      162
17     146
19     131
18     111
10      67
26      46
9       42
8       42
25      26
24      20
21      15
22      12
16      11
23       6
12       4
11       3
33       2
32       1
31       1
28       1
27       1
Name: label, dtype: int64
fl_y_train.unique(): [ 6  4  3  1  5 13  7  2 17 21 14 25  9 19  0 10  8 26 33 18 16 12 22 23
 32 11 31 24 28 27]

Client ID: 15
fl_X_train.shape: (6873, 46)
Training data used 220446fl_y_train.value_counts():
6     1062
4      798
5      663
2      604
3      598
1      596
7      531
13     489
15     394
14     299
0      162
17     146
19     131
18     111
10      67
26      46
9       42
8       42
25      26
24      20
21      15
22      12
23       6
12       4
11       3
33       2
27       1
31       1
28       1
32       1
Name: label, dtype: int64
fl_y_train.unique(): [ 6  4 14 13 15  8 17  3  1  7  5  2  0 27 18 10 26  9 19 25 12 21 22 23
 24 31 33 11 28 32]

Client ID: 16
fl_X_train.shape: (6738, 46)
Training data used 220446fl_y_train.value_counts():
6     1062
4      798
5      663
2      604
3      598
1      597
7      531
13     489
15     394
14     299
0      162
19     131
18     111
10      67
26      45
8       42
9       42
25      26
24      20
21      15
22      12
16      11
23       6
12       4
11       3
33       2
27       1
32       1
28       1
31       1
Name: label, dtype: int64
fl_y_train.unique(): [13  3 15  2  1 14  6  4  7 19 18  5 16  9  0 25 24  8 22 21 26 10 12 23
 11 27 33 32 28 31]

Client ID: 17
fl_X_train.shape: (6773, 46)
Training data used 220446fl_y_train.value_counts():
6     1062
4      798
5      663
2      604
3      598
1      597
7      531
13     489
15     394
14     299
0      162
17     146
19     131
10      67
26      45
9       42
8       42
25      26
24      20
21      15
22      12
16      11
23       6
12       4
11       3
33       2
28       1
27       1
32       1
31       1
Name: label, dtype: int64
fl_y_train.unique(): [ 4  3 14 21 15  7 19  2  6  5 26 13 17 10  1  0  9  8 24 22 23 11 28 12
 16 25 27 33 32 31]

Client ID: 18
fl_X_train.shape: (6753, 46)
Training data used 220446fl_y_train.value_counts():
6     1062
4      798
5      663
2      604
3      598
1      597
7      531
13     489
15     394
14     299
0      162
17     146
18     111
10      67
26      45
8       42
9       42
25      26
24      20
21      15
22      12
16      11
23       6
12       4
11       3
33       2
30       1
28       1
31       1
27       1
Name: label, dtype: int64
fl_y_train.unique(): [ 2  7  5  6 14  4 24  3 13  1 15  0 17 18 26 10 30  8 16  9 25 22 21 23
 12 28 31 11 33 27]

Client ID: 19
fl_X_train.shape: (6884, 46)
Training data used 220446fl_y_train.value_counts():
6     1062
4      798
5      663
2      604
3      598
1      597
7      531
13     490
15     394
14     299
0      162
17     146
19     131
18     110
10      67
26      45
9       42
8       42
25      26
24      20
21      15
22      12
16      11
23       6
12       4
11       3
33       2
31       1
27       1
28       1
30       1
Name: label, dtype: int64
fl_y_train.unique(): [ 2  4  3 14  1 13 19 15  6  7  0  5 17  9 18 26 22 16 31 11 10 24  8 21
 25 33 23 27 12 28 30]

Client ID: 20
fl_X_train.shape: (6869, 46)
Training data used 220446fl_y_train.value_counts():
6     1062
4      798
5      663
2      604
3      598
1      597
7      531
13     490
15     394
14     299
0      162
17     146
19     131
18     110
10      67
26      45
8       42
9       42
25      26
24      20
22      12
16      11
23       6
12       4
11       3
33       2
30       1
27       1
28       1
31       1
Name: label, dtype: int64
fl_y_train.unique(): [ 2  4 15  6  5 13 14  7  1  3 18  0 19 10 17 16  8 22 26  9 24 25 30 23
 33 12 27 28 31 11]

Client ID: 21
fl_X_train.shape: (6872, 46)
Training data used 220446fl_y_train.value_counts():
6     1062
4      798
5      663
2      604
3      598
1      597
7      531
13     490
15     394
14     299
0      161
17     146
19     131
18     110
10      66
26      45
8       43
9       42
25      26
24      20
21      15
16      11
23       6
12       4
11       3
33       2
27       1
31       1
28       1
20       1
30       1
Name: label, dtype: int64
fl_y_train.unique(): [ 5  6  1  3  7  2  4 16 14 15 19 26 13 17 24  9  0 18 25  8 21 11 10 12
 27 23 31 33 28 20 30]

Client ID: 22
fl_X_train.shape: (6878, 46)
Training data used 220446fl_y_train.value_counts():
6     1062
4      798
5      663
2      604
3      598
1      597
7      531
13     490
15     394
14     299
0      161
17     146
19     131
18     110
10      66
26      45
8       43
9       42
25      26
24      20
21      15
22      12
16      11
12       5
11       3
33       2
20       1
27       1
30       1
28       1
Name: label, dtype: int64
fl_y_train.unique(): [ 6  4  2 15  1  5 13 10  7  0 14  3 18 12  9 25 16 21 22 17 19  8 24 26
 20 11 27 30 28 33]

Client ID: 23
fl_X_train.shape: (6864, 46)
Training data used 220446fl_y_train.value_counts():
6     1062
4      798
5      663
2      603
3      598
1      597
7      531
13     490
15     394
14     299
0      161
17     146
19     131
18     111
10      66
26      45
8       43
9       42
25      26
21      15
22      12
16      11
23       6
12       5
11       3
33       2
20       1
27       1
28       1
30       1
Name: label, dtype: int64
fl_y_train.unique(): [ 5  6  3 18  1 19 26  7  2  4 13  8 25 15 14 17  0 33 12 21 23 10 22  9
 20 16 11 27 28 30]

Client ID: 24
fl_X_train.shape: (6858, 46)
Training data used 220446fl_y_train.value_counts():
6     1062
4      798
5      663
2      603
3      598
1      597
7      531
13     490
15     394
14     299
0      162
17     146
19     131
18     111
10      66
26      45
8       43
9       42
24      20
21      14
22      12
16      11
23       6
12       5
11       3
33       2
32       1
20       1
28       1
29       1
Name: label, dtype: int64
fl_y_train.unique(): [ 4  7  1  5  9  6 19  3  2 15  0 13 14 17 16 18  8 10 26 21 33 24 23 22
 12 32 20 11 28 29]

Client ID: 25
fl_X_train.shape: (6839, 46)
Training data used 220446fl_y_train.value_counts():
6     1062
4      798
5      663
2      603
3      598
1      597
7      531
13     490
15     394
14     299
0      162
17     146
19     131
18     111
10      66
8       42
9       42
25      27
24      20
21      14
22      12
16      11
23       6
12       5
11       3
33       2
32       1
20       1
28       1
29       1
Name: label, dtype: int64
fl_y_train.unique(): [ 6 17  4 13 15  3 18  7 14  2  0 24 20  5  1 23 19  8 22 10 25 12 32 21
  9 16 33 11 28 29]

Client ID: 26
fl_X_train.shape: (6883, 46)
Training data used 220446fl_y_train.value_counts():
6     1062
4      798
5      663
2      603
3      598
1      597
7      531
13     490
15     394
14     299
0      162
17     146
19     131
18     111
10      66
26      45
8       42
9       42
25      27
24      20
21      14
22      12
16      11
23       6
12       5
11       3
33       2
32       1
20       1
29       1
Name: label, dtype: int64
fl_y_train.unique(): [ 3  6  0  5  1 15 14 17 18 10  2 13  4  7 11  9 25 19 26 32 22  8 23 16
 21 24 20 12 29 33]

Client ID: 27
fl_X_train.shape: (6883, 46)
Training data used 220446fl_y_train.value_counts():
6     1062
4      798
5      663
2      603
3      598
1      597
7      531
13     490
15     393
14     299
0      162
17     146
19     131
18     111
10      66
26      45
9       43
8       42
25      27
24      20
21      14
22      12
16      11
23       6
12       5
11       3
33       2
20       1
32       1
29       1
Name: label, dtype: int64
fl_y_train.unique(): [ 6  4  3 13  2 17  1  7  5 15  9  0 33 19 14 21 20 10 24 25 26 18  8 16
 11 12 22 23 32 29]

Client ID: 28
fl_X_train.shape: (6882, 46)
Training data used 220446fl_y_train.value_counts():
6     1062
4      798
5      663
2      603
3      598
1      597
7      531
13     490
15     393
14     299
0      162
17     146
19     131
18     111
10      66
26      45
9       43
8       42
25      27
24      20
21      14
22      12
16      11
12       5
23       5
11       3
33       2
32       1
27       1
20       1
Name: label, dtype: int64
fl_y_train.unique(): [ 6 15  7  2 14  3 26  1  8 17  4  5 13  0 18 10 19 24 16 33  9 21 12 22
 25 23 11 32 27 20]

Client ID: 29
fl_X_train.shape: (6883, 46)
Training data used 220446fl_y_train.value_counts():
6     1062
4      798
5      663
2      603
3      598
1      597
7      531
13     490
15     393
14     299
0      162
17     146
19     131
18     111
10      66
26      45
9       43
8       42
25      27
24      20
21      14
22      12
16      11
23       5
12       5
11       3
20       1
32       1
33       1
27       1
31       1
29       1
Name: label, dtype: int64
fl_y_train.unique(): [ 3  2  9  6  5 14  4  7 13  1 15 26 23 19  8 18  0 17 21 10 25 16 22 24
 20 12 32 11 33 27 31 29]

Client ID: 30
fl_X_train.shape: (6882, 46)
Training data used 220446fl_y_train.value_counts():
6     1062
4      798
5      663
2      603
3      598
1      596
7      531
13     490
15     393
14     299
0      162
17     146
19     132
18     111
10      66
26      45
9       43
8       42
25      27
24      20
21      14
22      12
16      11
23       5
12       4
11       4
32       1
29       1
27       1
20       1
33       1
Name: label, dtype: int64
fl_y_train.unique(): [ 9  6  4 13  5  1 15 18  3  0  2 14 10 19 17  7 24  8 32 25 16 12 26 11
 21 22 23 29 27 20 33]

Client ID: 31
fl_X_train.shape: (6882, 46)
Training data used 220446fl_y_train.value_counts():
6     1062
4      798
5      663
2      603
3      598
1      596
7      531
13     490
15     393
14     299
0      162
17     146
19     132
18     111
10      66
26      45
9       43
8       42
25      27
24      20
21      14
22      12
16      11
23       5
12       4
11       4
33       1
27       1
20       1
29       1
31       1
Name: label, dtype: int64
fl_y_train.unique(): [ 4  6 17 26  3  7 14  1 15 13 25 19 16  0  5 18  9  2  8 24 12 10 21 22
 33 11 23 27 20 29 31]

Client ID: 32
fl_X_train.shape: (6881, 46)
Training data used 220446fl_y_train.value_counts():
6     1062
4      798
5      664
2      603
3      598
1      596
7      531
13     489
15     394
14     299
0      162
17     146
19     132
18     111
10      66
26      45
9       43
8       42
25      27
24      20
21      14
22      12
16      10
23       5
12       4
11       4
31       1
27       1
29       1
32       1
Name: label, dtype: int64
fl_y_train.unique(): [ 3  4  2  6  7 18  9 17  5  1 13 15  8 19  0 14 22 26 10 24 11 21 25 27
 16 31 12 23 29 32]

