Client ID: 0
fl_X_train.shape: (11359, 46)
Training data used 227165fl_y_train.value_counts():
6     1752
4     1318
5     1094
2      996
3      987
1      984
7      876
13     807
15     650
14     494
0      268
17     241
19     217
18     183
10     110
26      74
9       70
8       69
25      44
24      33
21      23
22      19
16      18
23       9
12       7
11       6
33       3
32       2
28       1
29       1
27       1
31       1
20       1
Name: label, dtype: int64
fl_y_train.unique(): [ 3  6  9  7  2  0  5 15 13  4  1 14  8 18 17 19 22 24 10 26 16 25 21 11
 12 23 33 28 29 32 27 31 20]

Client ID: 1
fl_X_train.shape: (11359, 46)
Training data used 227165fl_y_train.value_counts():
6     1752
4     1318
5     1094
2      996
3      987
1      984
7      875
13     807
15     650
14     493
0      268
17     241
19     217
18     183
10     110
26      75
9       70
8       69
25      43
24      33
21      24
22      20
16      18
23       9
12       7
11       6
33       3
32       2
20       1
31       1
28       1
29       1
27       1
Name: label, dtype: int64
fl_y_train.unique(): [ 6  4 15 18  2  3 14 13 19  7 22  5  1 26  0 21 17 25 23  8  9 10 16 20
 11 32 12 24 33 31 28 29 27]

Client ID: 2
fl_X_train.shape: (11359, 46)
Training data used 227165fl_y_train.value_counts():
6     1752
4     1318
5     1094
2      996
3      987
1      984
7      875
13     807
15     650
14     493
0      267
17     241
19     217
18     183
10     110
26      75
9       70
8       70
25      43
24      33
21      24
22      20
16      18
23       9
12       7
11       6
33       3
32       2
29       1
31       1
20       1
27       1
28       1
Name: label, dtype: int64
fl_y_train.unique(): [ 4 26 15 19  6 18  0  5 14 13 17  1  3  2  7  9 10 25  8 12 21 24 23 29
 16 22 31 33 11 20 32 27 28]

Client ID: 3
fl_X_train.shape: (11359, 46)
Training data used 227165fl_y_train.value_counts():
6     1752
4     1318
5     1094
2      996
3      987
1      984
7      875
13     807
15     650
14     493
0      267
17     241
19     217
18     183
10     110
26      75
9       70
8       70
25      43
24      33
21      24
22      20
16      18
23       9
12       7
11       6
33       3
32       2
20       1
29       1
27       1
31       1
28       1
Name: label, dtype: int64
fl_y_train.unique(): [ 2  6  4  1  7  5 17 15  3 13  9 19 14 11 18 25  0 32 10  8 24 23 16 26
 22 21 12 20 29 27 31 28 33]

Client ID: 4
fl_X_train.shape: (11359, 46)
Training data used 227165fl_y_train.value_counts():
6     1752
4     1318
5     1094
2      996
3      987
1      984
7      875
13     807
15     650
14     493
0      267
17     241
19     217
18     183
10     110
26      75
8       70
9       70
25      43
24      33
21      24
22      20
16      18
23       9
12       7
11       6
33       4
30       1
31       1
28       1
29       1
27       1
32       1
Name: label, dtype: int64
fl_y_train.unique(): [ 2  7  3  1  4 13  6 19 25 17 26 15 14  0 18  5 22  9 24 10 30  8 16 21
 11 23 31 28 33 12 29 27 32]

Client ID: 5
fl_X_train.shape: (11358, 46)
Training data used 227165fl_y_train.value_counts():
6     1751
4     1318
5     1094
2      996
3      987
1      984
7      876
13     807
15     650
14     493
0      267
17     241
19     217
18     183
10     110
26      75
8       70
9       70
25      43
24      33
21      24
22      20
16      18
23       9
12       7
11       6
33       4
29       1
31       1
30       1
27       1
32       1
Name: label, dtype: int64
fl_y_train.unique(): [ 1 16 18  7 13  6  4  2  3 17 19 14  0  5 15  8 21 10 26 23 22 25 24  9
 29 11 12 33 31 30 27 32]

Client ID: 6
fl_X_train.shape: (11358, 46)
Training data used 227165fl_y_train.value_counts():
6     1751
4     1318
5     1095
2      996
3      987
1      984
7      876
13     807
15     650
14     493
0      267
17     241
19     217
18     183
10     110
26      75
8       70
9       70
25      43
24      33
21      24
22      20
16      17
23      10
12       7
11       5
33       4
32       1
29       1
30       1
31       1
27       1
Name: label, dtype: int64
fl_y_train.unique(): [19 13 21 15 14  1  7  5  4  2  6 26 18 10  3 17  0 16  8 25 24  9 33 22
 30 32 12 23 29 11 31 27]

Client ID: 7
fl_X_train.shape: (11358, 46)
Training data used 227165fl_y_train.value_counts():
6     1751
4     1318
5     1095
2      996
3      987
1      984
7      876
13     808
15     650
14     493
0      267
17     241
19     217
18     182
10     110
26      75
8       70
9       70
25      43
24      33
21      24
22      20
16      17
23      10
12       7
11       5
33       3
31       2
32       1
27       1
29       1
30       1
Name: label, dtype: int64
fl_y_train.unique(): [15  4 14  2  5  6  1  0 18  3  8 13 10  7 17 26 12 19 24  9 21 33 16 22
 25 23 11 31 32 27 29 30]

Client ID: 8
fl_X_train.shape: (11358, 46)
Training data used 227165fl_y_train.value_counts():
6     1751
4     1318
5     1095
2      995
3      987
1      984
7      876
13     808
15     650
14     493
0      267
17     241
19     217
18     183
10     110
26      75
9       70
8       70
25      43
24      33
21      24
22      20
16      17
23       9
12       7
11       5
33       3
31       2
27       2
32       1
29       1
30       1
Name: label, dtype: int64
fl_y_train.unique(): [ 6  7  4  2  3  5  1 13 17 10 15 25 14 31 21  9 19  0  8 26 33 24 18 16
 22 12 23 29 32 11 30 27]

Client ID: 9
fl_X_train.shape: (11358, 46)
Training data used 227165fl_y_train.value_counts():
6     1752
4     1317
5     1095
2      995
3      987
1      984
7      876
13     808
15     650
14     493
0      267
17     241
19     217
18     183
10     110
26      75
9       70
8       70
25      43
24      33
21      24
22      20
16      17
23       9
12       7
11       5
33       3
27       2
31       2
32       1
28       1
30       1
Name: label, dtype: int64
fl_y_train.unique(): [13  6 15  4 14  1 17  3  5  8  7  2 25 16  0 18 10 26  9 19 24 22 21 27
 11 31 12 23 33 32 28 30]

Client ID: 10
fl_X_train.shape: (11358, 46)
Training data used 227165fl_y_train.value_counts():
6     1752
4     1317
5     1094
2      996
3      987
1      984
7      876
13     808
15     650
14     493
0      267
17     241
19     217
18     183
10     110
26      75
8       70
9       70
25      43
24      33
21      24
22      20
16      17
23       9
12       7
11       5
33       3
31       2
27       2
32       1
29       1
28       1
Name: label, dtype: int64
fl_y_train.unique(): [ 4  3 14 21 15  2  7 19  5  6 13 18 26 17  1 10  9  0 25  8 24 22 23 16
 12 32 31 29 11 27 33 28]

Client ID: 11
fl_X_train.shape: (11358, 46)
Training data used 227165fl_y_train.value_counts():
6     1752
4     1317
5     1094
2      996
3      987
1      984
7      876
13     808
15     650
14     493
0      267
17     241
19     217
18     183
10     110
26      75
9       70
8       70
25      43
24      33
21      24
22      20
16      17
23       9
12       7
11       5
33       3
27       2
31       2
28       1
29       1
32       1
Name: label, dtype: int64
fl_y_train.unique(): [ 2  4 14  1  7 13  6 19  5 24 15  3  0 17  9 27 18 26 10 16  8 21 11 25
 28 22 23 33 31 12 29 32]

Client ID: 12
fl_X_train.shape: (11358, 46)
Training data used 227165fl_y_train.value_counts():
6     1752
4     1317
5     1094
2      996
3      987
1      984
7      876
13     808
15     650
14     493
0      267
17     242
19     216
18     183
10     110
26      75
9       70
8       69
25      44
24      33
21      24
22      20
16      17
23       9
12       7
11       5
33       3
31       2
27       2
28       1
29       1
32       1
Name: label, dtype: int64
fl_y_train.unique(): [ 5  2  3  6  4 15  7 13 14  1 18 26  0 19 10 17 16  8 22 25  9 11 24 12
 21 23 33 28 31 27 29 32]

Client ID: 13
fl_X_train.shape: (11358, 46)
Training data used 227165fl_y_train.value_counts():
6     1752
4     1317
5     1094
2      996
3      987
1      984
7      876
13     808
15     650
14     494
0      267
17     242
19     216
18     183
10     109
26      75
9       69
8       69
25      44
24      33
21      24
22      20
16      17
23       9
12       7
11       6
33       3
27       2
31       1
20       1
29       1
28       1
32       1
Name: label, dtype: int64
fl_y_train.unique(): [ 3  1  6  4  2 15  5 13  7 16 10 14  0 19 20 18 12  9 22 25  8 24 21 17
 31 23 11 26 27 29 28 32 33]

Client ID: 14
fl_X_train.shape: (11358, 46)
Training data used 227165fl_y_train.value_counts():
6     1752
4     1317
5     1094
2      996
3      987
1      984
7      876
13     808
15     649
14     494
0      267
17     242
19     216
18     183
10     110
26      75
9       70
8       69
25      44
24      32
21      24
22      20
16      17
23       9
12       7
11       6
33       3
27       2
32       1
28       1
20       1
31       1
29       1
Name: label, dtype: int64
fl_y_train.unique(): [ 4  7  5  1  6  9 18 19 26  2  3 15  0 13  8 14 25 17 16 10 33 24 21 23
 22 11 27 12 32 28 20 31 29]

Client ID: 15
fl_X_train.shape: (11358, 46)
Training data used 227165fl_y_train.value_counts():
6     1752
4     1317
5     1094
2      996
3      987
1      984
7      876
13     808
15     649
14     494
0      267
17     241
19     216
18     183
10     110
26      75
9       70
8       69
25      44
24      32
21      24
22      20
16      18
23       9
12       7
11       6
33       3
27       2
32       1
20       1
29       1
31       1
28       1
Name: label, dtype: int64
fl_y_train.unique(): [ 6 17  4  0 13 15  3 18  7  1 14  2 10  5 24 23 26 19  8 22 20 25 12 32
  9 16 21 33 27 11 29 31 28]

Client ID: 16
fl_X_train.shape: (11358, 46)
Training data used 227165fl_y_train.value_counts():
6     1752
4     1317
5     1094
2      996
3      987
1      984
7      876
13     808
15     649
14     494
0      267
17     241
19     216
18     183
10     110
26      75
9       70
8       69
25      44
24      32
21      24
22      20
16      18
23       9
12       7
11       6
33       3
27       2
32       1
28       1
20       1
31       1
29       1
Name: label, dtype: int64
fl_y_train.unique(): [ 3  6  4 13  0  2 17  1  5 15  7 18  9 19 14 11  8 10 21 25 26 24 32 22
 23 16 12 33 28 27 20 31 29]

Client ID: 17
fl_X_train.shape: (11358, 46)
Training data used 227165fl_y_train.value_counts():
6     1752
4     1317
5     1094
2      996
3      987
1      984
7      876
13     807
15     650
14     494
0      267
17     241
19     216
18     183
10     110
26      75
9       70
8       69
25      44
24      32
21      24
22      20
16      18
23       9
12       7
11       6
33       3
32       2
20       1
29       1
27       1
28       1
31       1
Name: label, dtype: int64
fl_y_train.unique(): [ 6 15  7  3  2 14  9 26  1  8  5  4 13  0 18 33 10 19 17 24 16 21 23 25
 22 12 11 20 32 29 27 28 31]

Client ID: 18
fl_X_train.shape: (11358, 46)
Training data used 227165fl_y_train.value_counts():
6     1752
4     1317
5     1094
2      996
3      987
1      985
7      876
13     807
15     650
14     494
0      267
17     241
19     216
18     183
10     110
26      74
9       70
8       69
25      44
24      32
21      24
22      20
16      18
23       9
12       7
11       6
33       3
32       2
28       1
27       1
29       1
31       1
20       1
Name: label, dtype: int64
fl_y_train.unique(): [ 6  9  4 13  5  3  1  2 15 14 18  0 10  7 19 17 26 23  8 24 21 32 25 16
 12 33 11 22 28 27 29 31 20]

Client ID: 19
fl_X_train.shape: (11358, 46)
Training data used 227165fl_y_train.value_counts():
6     1752
4     1317
5     1094
2      996
3      987
1      985
7      876
13     807
15     650
14     494
0      268
17     241
19     216
18     183
10     110
26      74
9       70
8       69
25      44
24      32
21      23
22      20
16      18
23       9
12       7
11       6
33       3
32       2
27       1
31       1
29       1
28       1
20       1
Name: label, dtype: int64
fl_y_train.unique(): [ 4  3  6 17 26  2  7 18 14  9  1  5 13 15 25 19 16  8  0 22 12 10 24 11
 21 27 31 33 23 29 28 32 20]

